index,Year,Month,Date,Seasonally Adjusted CO2 Fit (ppm)
2,1958,3,1958.2027,314.89
3,1958,4,1958.2877,314.98
4,1958,5,1958.3699,315.06
5,1958,6,1958.4548,315.14
6,1958,7,1958.537,315.21
7,1958,8,1958.6219,315.29
8,1958,9,1958.7068,315.35
9,1958,10,1958.789,315.4
10,1958,11,1958.874,315.46
11,1958,12,1958.9562,315.51
12,1959,1,1959.0411,315.57
13,1959,2,1959.126,315.63
14,1959,3,1959.2027,315.69
15,1959,4,1959.2877,315.76
16,1959,5,1959.3699,315.84
17,1959,6,1959.4548,315.93
18,1959,7,1959.537,316.02
19,1959,8,1959.6219,316.12
20,1959,9,1959.7068,316.21
21,1959,10,1959.789,316.3
22,1959,11,1959.874,316.39
23,1959,12,1959.9562,316.47
24,1960,1,1960.041,316.56
25,1960,2,1960.1257,316.64
26,1960,3,1960.2049,316.72
27,1960,4,1960.2896,316.8
28,1960,5,1960.3716,316.87
29,1960,6,1960.4563,316.93
30,1960,7,1960.5383,316.98
31,1960,8,1960.623,317.01
32,1960,9,1960.7077,317.04
33,1960,10,1960.7896,317.07
34,1960,11,1960.8743,317.1
35,1960,12,1960.9563,317.14
36,1961,1,1961.0411,317.19
37,1961,2,1961.126,317.26
38,1961,3,1961.2027,317.32
39,1961,4,1961.2877,317.41
40,1961,5,1961.3699,317.49
41,1961,6,1961.4548,317.59
42,1961,7,1961.537,317.67
43,1961,8,1961.6219,317.76
44,1961,9,1961.7068,317.84
45,1961,10,1961.789,317.92
46,1961,11,1961.874,317.99
47,1961,12,1961.9562,318.06
48,1962,1,1962.0411,318.12
49,1962,2,1962.126,318.19
50,1962,3,1962.2027,318.25
51,1962,4,1962.2877,318.32
52,1962,5,1962.3699,318.39
53,1962,6,1962.4548,318.45
54,1962,7,1962.537,318.5
55,1962,8,1962.6219,318.55
56,1962,9,1962.7068,318.6
57,1962,10,1962.789,318.64
58,1962,11,1962.874,318.68
59,1962,12,1962.9562,318.71
60,1963,1,1963.0411,318.76
61,1963,2,1963.126,318.8
62,1963,3,1963.2027,318.85
63,1963,4,1963.2877,318.9
64,1963,5,1963.3699,318.96
65,1963,6,1963.4548,319.01
66,1963,7,1963.537,319.05
67,1963,8,1963.6219,319.09
68,1963,9,1963.7068,319.13
69,1963,10,1963.789,319.18
70,1963,11,1963.874,319.22
71,1963,12,1963.9562,319.27
72,1964,1,1964.041,319.31
73,1964,2,1964.1257,319.36
74,1964,3,1964.2049,319.4
75,1964,4,1964.2896,319.45
76,1964,5,1964.3716,319.49
77,1964,6,1964.4563,319.52
78,1964,7,1964.5383,319.55
79,1964,8,1964.623,319.58
80,1964,9,1964.7077,319.6
81,1964,10,1964.7896,319.62
82,1964,11,1964.8743,319.63
83,1964,12,1964.9563,319.65
84,1965,1,1965.0411,319.68
85,1965,2,1965.126,319.71
86,1965,3,1965.2027,319.76
87,1965,4,1965.2877,319.82
88,1965,5,1965.3699,319.9
89,1965,6,1965.4548,319.99
90,1965,7,1965.537,320.09
91,1965,8,1965.6219,320.2
92,1965,9,1965.7068,320.32
93,1965,10,1965.789,320.43
94,1965,11,1965.874,320.55
95,1965,12,1965.9562,320.66
96,1966,1,1966.0411,320.78
97,1966,2,1966.126,320.91
98,1966,3,1966.2027,321.01
99,1966,4,1966.2877,321.12
100,1966,5,1966.3699,321.23
101,1966,6,1966.4548,321.32
102,1966,7,1966.537,321.41
103,1966,8,1966.6219,321.48
104,1966,9,1966.7068,321.55
105,1966,10,1966.789,321.62
106,1966,11,1966.874,321.68
107,1966,12,1966.9562,321.74
108,1967,1,1967.0411,321.8
109,1967,2,1967.126,321.85
110,1967,3,1967.2027,321.9
111,1967,4,1967.2877,321.95
112,1967,5,1967.3699,322.01
113,1967,6,1967.4548,322.07
114,1967,7,1967.537,322.13
115,1967,8,1967.6219,322.2
116,1967,9,1967.7068,322.27
117,1967,10,1967.789,322.34
118,1967,11,1967.874,322.42
119,1967,12,1967.9562,322.49
120,1968,1,1968.041,322.57
121,1968,2,1968.1257,322.65
122,1968,3,1968.2049,322.73
123,1968,4,1968.2896,322.82
124,1968,5,1968.3716,322.92
125,1968,6,1968.4563,323.02
126,1968,7,1968.5383,323.13
127,1968,8,1968.623,323.25
128,1968,9,1968.7077,323.36
129,1968,10,1968.7896,323.48
130,1968,11,1968.8743,323.61
131,1968,12,1968.9563,323.74
132,1969,1,1969.0411,323.88
133,1969,2,1969.126,324.03
134,1969,3,1969.2027,324.16
135,1969,4,1969.2877,324.3
136,1969,5,1969.3699,324.44
137,1969,6,1969.4548,324.57
138,1969,7,1969.537,324.69
139,1969,8,1969.6219,324.8
140,1969,9,1969.7068,324.9
141,1969,10,1969.789,324.99
142,1969,11,1969.874,325.07
143,1969,12,1969.9562,325.15
144,1970,1,1970.0411,325.24
145,1970,2,1970.126,325.32
146,1970,3,1970.2027,325.39
147,1970,4,1970.2877,325.47
148,1970,5,1970.3699,325.55
149,1970,6,1970.4548,325.63
150,1970,7,1970.537,325.7
151,1970,8,1970.6219,325.77
152,1970,9,1970.7068,325.83
153,1970,10,1970.789,325.88
154,1970,11,1970.874,325.93
155,1970,12,1970.9562,325.97
156,1971,1,1971.0411,326.01
157,1971,2,1971.126,326.04
158,1971,3,1971.2027,326.08
159,1971,4,1971.2877,326.13
160,1971,5,1971.3699,326.19
161,1971,6,1971.4548,326.26
162,1971,7,1971.537,326.33
163,1971,8,1971.6219,326.4
164,1971,9,1971.7068,326.47
165,1971,10,1971.789,326.54
166,1971,11,1971.874,326.62
167,1971,12,1971.9562,326.69
168,1972,1,1972.041,326.78
169,1972,2,1972.1257,326.87
170,1972,3,1972.2049,326.97
171,1972,4,1972.2896,327.09
172,1972,5,1972.3716,327.22
173,1972,6,1972.4563,327.37
174,1972,7,1972.5383,327.53
175,1972,8,1972.623,327.71
176,1972,9,1972.7077,327.9
177,1972,10,1972.7896,328.09
178,1972,11,1972.8743,328.3
179,1972,12,1972.9563,328.5
180,1973,1,1973.0411,328.71
181,1973,2,1973.126,328.92
182,1973,3,1973.2027,329.11
183,1973,4,1973.2877,329.31
184,1973,5,1973.3699,329.48
185,1973,6,1973.4548,329.64
186,1973,7,1973.537,329.78
187,1973,8,1973.6219,329.89
188,1973,9,1973.7068,329.96
189,1973,10,1973.789,330.01
190,1973,11,1973.874,330.05
191,1973,12,1973.9562,330.07
192,1974,1,1974.0411,330.09
193,1974,2,1974.126,330.11
194,1974,3,1974.2027,330.14
195,1974,4,1974.2877,330.17
196,1974,5,1974.3699,330.21
197,1974,6,1974.4548,330.25
198,1974,7,1974.537,330.3
199,1974,8,1974.6219,330.35
200,1974,9,1974.7068,330.4
201,1974,10,1974.789,330.46
202,1974,11,1974.874,330.51
203,1974,12,1974.9562,330.58
204,1975,1,1975.0411,330.65
205,1975,2,1975.126,330.73
206,1975,3,1975.2027,330.81
207,1975,4,1975.2877,330.91
208,1975,5,1975.3699,331.0
209,1975,6,1975.4548,331.1
210,1975,7,1975.537,331.2
211,1975,8,1975.6219,331.29
212,1975,9,1975.7068,331.39
213,1975,10,1975.789,331.47
214,1975,11,1975.874,331.56
215,1975,12,1975.9562,331.64
216,1976,1,1976.041,331.72
217,1976,2,1976.1257,331.8
218,1976,3,1976.2049,331.87
219,1976,4,1976.2896,331.95
220,1976,5,1976.3716,332.02
221,1976,6,1976.4563,332.1
222,1976,7,1976.5383,332.19
223,1976,8,1976.623,332.28
224,1976,9,1976.7077,332.38
225,1976,10,1976.7896,332.49
226,1976,11,1976.8743,332.62
227,1976,12,1976.9563,332.76
228,1977,1,1977.0411,332.92
229,1977,2,1977.126,333.1
230,1977,3,1977.2027,333.26
231,1977,4,1977.2877,333.45
232,1977,5,1977.3699,333.63
233,1977,6,1977.4548,333.82
234,1977,7,1977.537,333.99
235,1977,8,1977.6219,334.15
236,1977,9,1977.7068,334.31
237,1977,10,1977.789,334.46
238,1977,11,1977.874,334.6
239,1977,12,1977.9562,334.74
240,1978,1,1978.0411,334.87
241,1978,2,1978.126,335.01
242,1978,3,1978.2027,335.13
243,1978,4,1978.2877,335.25
244,1978,5,1978.3699,335.37
245,1978,6,1978.4548,335.49
246,1978,7,1978.537,335.59
247,1978,8,1978.6219,335.7
248,1978,9,1978.7068,335.79
249,1978,10,1978.789,335.89
250,1978,11,1978.874,335.98
251,1978,12,1978.9562,336.08
252,1979,1,1979.0411,336.19
253,1979,2,1979.126,336.3
254,1979,3,1979.2027,336.41
255,1979,4,1979.2877,336.53
256,1979,5,1979.3699,336.66
257,1979,6,1979.4548,336.8
258,1979,7,1979.537,336.93
259,1979,8,1979.6219,337.07
260,1979,9,1979.7068,337.21
261,1979,10,1979.789,337.36
262,1979,11,1979.874,337.52
263,1979,12,1979.9562,337.68
264,1980,1,1980.041,337.85
265,1980,2,1980.1257,338.01
266,1980,3,1980.2049,338.17
267,1980,4,1980.2896,338.33
268,1980,5,1980.3716,338.48
269,1980,6,1980.4563,338.63
270,1980,7,1980.5383,338.76
271,1980,8,1980.623,338.9
272,1980,9,1980.7077,339.02
273,1980,10,1980.7896,339.13
274,1980,11,1980.8743,339.24
275,1980,12,1980.9563,339.34
276,1981,1,1981.0411,339.44
277,1981,2,1981.126,339.54
278,1981,3,1981.2027,339.63
279,1981,4,1981.2877,339.72
280,1981,5,1981.3699,339.8
281,1981,6,1981.4548,339.89
282,1981,7,1981.537,339.97
283,1981,8,1981.6219,340.06
284,1981,9,1981.7068,340.16
285,1981,10,1981.789,340.26
286,1981,11,1981.874,340.37
287,1981,12,1981.9562,340.48
288,1982,1,1982.0411,340.59
289,1982,2,1982.126,340.7
290,1982,3,1982.2027,340.79
291,1982,4,1982.2877,340.88
292,1982,5,1982.3699,340.96
293,1982,6,1982.4548,341.04
294,1982,7,1982.537,341.11
295,1982,8,1982.6219,341.19
296,1982,9,1982.7068,341.27
297,1982,10,1982.789,341.37
298,1982,11,1982.874,341.48
299,1982,12,1982.9562,341.61
300,1983,1,1983.0411,341.77
301,1983,2,1983.126,341.94
302,1983,3,1983.2027,342.11
303,1983,4,1983.2877,342.3
304,1983,5,1983.3699,342.49
305,1983,6,1983.4548,342.69
306,1983,7,1983.537,342.86
307,1983,8,1983.6219,343.03
308,1983,9,1983.7068,343.19
309,1983,10,1983.789,343.34
310,1983,11,1983.874,343.49
311,1983,12,1983.9562,343.62
312,1984,1,1984.041,343.76
313,1984,2,1984.1257,343.89
314,1984,3,1984.2049,344.01
315,1984,4,1984.2896,344.14
316,1984,5,1984.3716,344.26
317,1984,6,1984.4563,344.38
318,1984,7,1984.5383,344.5
319,1984,8,1984.623,344.62
320,1984,9,1984.7077,344.74
321,1984,10,1984.7896,344.86
322,1984,11,1984.8743,344.99
323,1984,12,1984.9563,345.12
324,1985,1,1985.0411,345.25
325,1985,2,1985.126,345.39
326,1985,3,1985.2027,345.5
327,1985,4,1985.2877,345.62
328,1985,5,1985.3699,345.73
329,1985,6,1985.4548,345.83
330,1985,7,1985.537,345.92
331,1985,8,1985.6219,346.01
332,1985,9,1985.7068,346.1
333,1985,10,1985.789,346.19
334,1985,11,1985.874,346.28
335,1985,12,1985.9562,346.37
336,1986,1,1986.0411,346.47
337,1986,2,1986.126,346.58
338,1986,3,1986.2027,346.68
339,1986,4,1986.2877,346.81
340,1986,5,1986.3699,346.93
341,1986,6,1986.4548,347.06
342,1986,7,1986.537,347.18
343,1986,8,1986.6219,347.31
344,1986,9,1986.7068,347.44
345,1986,10,1986.789,347.56
346,1986,11,1986.874,347.69
347,1986,12,1986.9562,347.82
348,1987,1,1987.0411,347.97
349,1987,2,1987.126,348.13
350,1987,3,1987.2027,348.28
351,1987,4,1987.2877,348.46
352,1987,5,1987.3699,348.65
353,1987,6,1987.4548,348.85
354,1987,7,1987.537,349.05
355,1987,8,1987.6219,349.27
356,1987,9,1987.7068,349.49
357,1987,10,1987.789,349.71
358,1987,11,1987.874,349.94
359,1987,12,1987.9562,350.16
360,1988,1,1988.041,350.39
361,1988,2,1988.1257,350.61
362,1988,3,1988.2049,350.81
363,1988,4,1988.2896,351.02
364,1988,5,1988.3716,351.21
365,1988,6,1988.4563,351.4
366,1988,7,1988.5383,351.57
367,1988,8,1988.623,351.74
368,1988,9,1988.7077,351.89
369,1988,10,1988.7896,352.03
370,1988,11,1988.8743,352.16
371,1988,12,1988.9563,352.28
372,1989,1,1989.0411,352.39
373,1989,2,1989.126,352.5
374,1989,3,1989.2027,352.59
375,1989,4,1989.2877,352.69
376,1989,5,1989.3699,352.78
377,1989,6,1989.4548,352.88
378,1989,7,1989.537,352.98
379,1989,8,1989.6219,353.08
380,1989,9,1989.7068,353.18
381,1989,10,1989.789,353.27
382,1989,11,1989.874,353.37
383,1989,12,1989.9562,353.47
384,1990,1,1990.0411,353.57
385,1990,2,1990.126,353.68
386,1990,3,1990.2027,353.77
387,1990,4,1990.2877,353.87
388,1990,5,1990.3699,353.97
389,1990,6,1990.4548,354.08
390,1990,7,1990.537,354.2
391,1990,8,1990.6219,354.34
392,1990,9,1990.7068,354.48
393,1990,10,1990.789,354.62
394,1990,11,1990.874,354.78
395,1990,12,1990.9562,354.92
396,1991,1,1991.0411,355.07
397,1991,2,1991.126,355.22
398,1991,3,1991.2027,355.34
399,1991,4,1991.2877,355.45
400,1991,5,1991.3699,355.54
401,1991,6,1991.4548,355.62
402,1991,7,1991.537,355.68
403,1991,8,1991.6219,355.74
404,1991,9,1991.7068,355.79
405,1991,10,1991.789,355.85
406,1991,11,1991.874,355.92
407,1991,12,1991.9562,355.99
408,1992,1,1992.041,356.06
409,1992,2,1992.1257,356.13
410,1992,3,1992.2049,356.2
411,1992,4,1992.2896,356.26
412,1992,5,1992.3716,356.31
413,1992,6,1992.4563,356.36
414,1992,7,1992.5383,356.39
415,1992,8,1992.623,356.43
416,1992,9,1992.7077,356.46
417,1992,10,1992.7896,356.49
418,1992,11,1992.8743,356.52
419,1992,12,1992.9563,356.57
420,1993,1,1993.0411,356.62
421,1993,2,1993.126,356.68
422,1993,3,1993.2027,356.74
423,1993,4,1993.2877,356.81
424,1993,5,1993.3699,356.89
425,1993,6,1993.4548,356.98
426,1993,7,1993.537,357.08
427,1993,8,1993.6219,357.19
428,1993,9,1993.7068,357.32
429,1993,10,1993.789,357.46
430,1993,11,1993.874,357.61
431,1993,12,1993.9562,357.77
432,1994,1,1994.0411,357.94
433,1994,2,1994.126,358.11
434,1994,3,1994.2027,358.26
435,1994,4,1994.2877,358.43
436,1994,5,1994.3699,358.59
437,1994,6,1994.4548,358.75
438,1994,7,1994.537,358.91
439,1994,8,1994.6219,359.09
440,1994,9,1994.7068,359.27
441,1994,10,1994.789,359.44
442,1994,11,1994.874,359.63
443,1994,12,1994.9562,359.81
444,1995,1,1995.0411,359.99
445,1995,2,1995.126,360.17
446,1995,3,1995.2027,360.33
447,1995,4,1995.2877,360.5
448,1995,5,1995.3699,360.66
449,1995,6,1995.4548,360.83
450,1995,7,1995.537,360.98
451,1995,8,1995.6219,361.14
452,1995,9,1995.7068,361.31
453,1995,10,1995.789,361.46
454,1995,11,1995.874,361.63
455,1995,12,1995.9562,361.78
456,1996,1,1996.041,361.94
457,1996,2,1996.1257,362.08
458,1996,3,1996.2049,362.21
459,1996,4,1996.2896,362.33
460,1996,5,1996.3716,362.45
461,1996,6,1996.4563,362.56
462,1996,7,1996.5383,362.66
463,1996,8,1996.623,362.75
464,1996,9,1996.7077,362.83
465,1996,10,1996.7896,362.91
466,1996,11,1996.8743,362.99
467,1996,12,1996.9563,363.06
468,1997,1,1997.0411,363.14
469,1997,2,1997.126,363.23
470,1997,3,1997.2027,363.31
471,1997,4,1997.2877,363.41
472,1997,5,1997.3699,363.53
473,1997,6,1997.4548,363.66
474,1997,7,1997.537,363.81
475,1997,8,1997.6219,363.98
476,1997,9,1997.7068,364.19
477,1997,10,1997.789,364.4
478,1997,11,1997.874,364.65
479,1997,12,1997.9562,364.9
480,1998,1,1998.0411,365.17
481,1998,2,1998.126,365.45
482,1998,3,1998.2027,365.7
483,1998,4,1998.2877,365.98
484,1998,5,1998.3699,366.24
485,1998,6,1998.4548,366.51
486,1998,7,1998.537,366.75
487,1998,8,1998.6219,366.99
488,1998,9,1998.7068,367.21
489,1998,10,1998.789,367.4
490,1998,11,1998.874,367.58
491,1998,12,1998.9562,367.73
492,1999,1,1999.0411,367.86
493,1999,2,1999.126,367.97
494,1999,3,1999.2027,368.05
495,1999,4,1999.2877,368.13
496,1999,5,1999.3699,368.19
497,1999,6,1999.4548,368.26
498,1999,7,1999.537,368.33
499,1999,8,1999.6219,368.4
500,1999,9,1999.7068,368.47
501,1999,10,1999.789,368.55
502,1999,11,1999.874,368.64
503,1999,12,1999.9562,368.72
504,2000,1,2000.041,368.81
505,2000,2,2000.1257,368.91
506,2000,3,2000.2049,369.0
507,2000,4,2000.2896,369.11
508,2000,5,2000.3716,369.22
509,2000,6,2000.4563,369.36
510,2000,7,2000.5383,369.49
511,2000,8,2000.623,369.64
512,2000,9,2000.7077,369.79
513,2000,10,2000.7896,369.93
514,2000,11,2000.8743,370.08
515,2000,12,2000.9563,370.2
516,2001,1,2001.0411,370.33
517,2001,2,2001.126,370.45
518,2001,3,2001.2027,370.55
519,2001,4,2001.2877,370.67
520,2001,5,2001.3699,370.79
521,2001,6,2001.4548,370.92
522,2001,7,2001.537,371.05
523,2001,8,2001.6219,371.19
524,2001,9,2001.7068,371.35
525,2001,10,2001.789,371.51
526,2001,11,2001.874,371.67
527,2001,12,2001.9562,371.83
528,2002,1,2002.0411,372.0
529,2002,2,2002.126,372.17
530,2002,3,2002.2027,372.33
531,2002,4,2002.2877,372.51
532,2002,5,2002.3699,372.7
533,2002,6,2002.4548,372.91
534,2002,7,2002.537,373.13
535,2002,8,2002.6219,373.36
536,2002,9,2002.7068,373.59
537,2002,10,2002.789,373.82
538,2002,11,2002.874,374.06
539,2002,12,2002.9562,374.28
540,2003,1,2003.0411,374.51
541,2003,2,2003.126,374.72
542,2003,3,2003.2027,374.91
543,2003,4,2003.2877,375.12
544,2003,5,2003.3699,375.33
545,2003,6,2003.4548,375.53
546,2003,7,2003.537,375.72
547,2003,8,2003.6219,375.92
548,2003,9,2003.7068,376.1
549,2003,10,2003.789,376.27
550,2003,11,2003.874,376.43
551,2003,12,2003.9562,376.57
552,2004,1,2004.041,376.71
553,2004,2,2004.1257,376.84
554,2004,3,2004.2049,376.96
555,2004,4,2004.2896,377.07
556,2004,5,2004.3716,377.18
557,2004,6,2004.4563,377.3
558,2004,7,2004.5383,377.42
559,2004,8,2004.623,377.55
560,2004,9,2004.7077,377.71
561,2004,10,2004.7896,377.87
562,2004,11,2004.8743,378.05
563,2004,12,2004.9563,378.24
564,2005,1,2005.0411,378.44
565,2005,2,2005.126,378.66
566,2005,3,2005.2027,378.85
567,2005,4,2005.2877,379.07
568,2005,5,2005.3699,379.29
569,2005,6,2005.4548,379.51
570,2005,7,2005.537,379.72
571,2005,8,2005.6219,379.94
572,2005,9,2005.7068,380.15
573,2005,10,2005.789,380.35
574,2005,11,2005.874,380.55
575,2005,12,2005.9562,380.73
576,2006,1,2006.0411,380.91
577,2006,2,2006.126,381.08
578,2006,3,2006.2027,381.23
579,2006,4,2006.2877,381.38
580,2006,5,2006.3699,381.53
581,2006,6,2006.4548,381.67
582,2006,7,2006.537,381.81
583,2006,8,2006.6219,381.96
584,2006,9,2006.7068,382.11
585,2006,10,2006.789,382.26
586,2006,11,2006.874,382.41
587,2006,12,2006.9562,382.56
588,2007,1,2007.0411,382.71
589,2007,2,2007.126,382.86
590,2007,3,2007.2027,383.0
591,2007,4,2007.2877,383.16
592,2007,5,2007.3699,383.32
593,2007,6,2007.4548,383.48
594,2007,7,2007.537,383.64
595,2007,8,2007.6219,383.81
596,2007,9,2007.7068,383.97
597,2007,10,2007.789,384.13
598,2007,11,2007.874,384.29
599,2007,12,2007.9562,384.44
600,2008,1,2008.041,384.58
601,2008,2,2008.1257,384.72
602,2008,3,2008.2049,384.86
603,2008,4,2008.2896,385.01
604,2008,5,2008.3716,385.17
605,2008,6,2008.4563,385.34
606,2008,7,2008.5383,385.51
607,2008,8,2008.623,385.68
608,2008,9,2008.7077,385.85
609,2008,10,2008.7896,386.01
610,2008,11,2008.8743,386.16
611,2008,12,2008.9563,386.31
612,2009,1,2009.0411,386.46
613,2009,2,2009.126,386.62
614,2009,3,2009.2027,386.76
615,2009,4,2009.2877,386.92
616,2009,5,2009.3699,387.09
617,2009,6,2009.4548,387.27
618,2009,7,2009.537,387.46
619,2009,8,2009.6219,387.66
620,2009,9,2009.7068,387.87
621,2009,10,2009.789,388.09
622,2009,11,2009.874,388.31
623,2009,12,2009.9562,388.53
624,2010,1,2010.0411,388.76
625,2010,2,2010.126,388.98
626,2010,3,2010.2027,389.18
627,2010,4,2010.2877,389.39
628,2010,5,2010.3699,389.58
629,2010,6,2010.4548,389.76
630,2010,7,2010.537,389.94
631,2010,8,2010.6219,390.11
632,2010,9,2010.7068,390.28
633,2010,10,2010.789,390.43
634,2010,11,2010.874,390.58
635,2010,12,2010.9562,390.71
636,2011,1,2011.0411,390.84
637,2011,2,2011.126,390.97
638,2011,3,2011.2027,391.08
639,2011,4,2011.2877,391.22
640,2011,5,2011.3699,391.36
641,2011,6,2011.4548,391.52
642,2011,7,2011.537,391.68
643,2011,8,2011.6219,391.86
644,2011,9,2011.7068,392.04
645,2011,10,2011.789,392.22
646,2011,11,2011.874,392.41
647,2011,12,2011.9562,392.58
648,2012,1,2012.041,392.76
649,2012,2,2012.1257,392.95
650,2012,3,2012.2049,393.13
651,2012,4,2012.2896,393.33
652,2012,5,2012.3716,393.53
653,2012,6,2012.4563,393.75
654,2012,7,2012.5383,393.97
655,2012,8,2012.623,394.2
656,2012,9,2012.7077,394.45
657,2012,10,2012.7896,394.69
658,2012,11,2012.8743,394.93
659,2012,12,2012.9563,395.16
660,2013,1,2013.0411,395.4
661,2013,2,2013.126,395.62
662,2013,3,2013.2027,395.82
663,2013,4,2013.2877,396.03
664,2013,5,2013.3699,396.23
665,2013,6,2013.4548,396.44
666,2013,7,2013.537,396.63
667,2013,8,2013.6219,396.82
668,2013,9,2013.7068,397.01
669,2013,10,2013.789,397.19
670,2013,11,2013.874,397.37
671,2013,12,2013.9562,397.54
672,2014,1,2014.0411,397.71
673,2014,2,2014.126,397.88
674,2014,3,2014.2027,398.03
675,2014,4,2014.2877,398.19
676,2014,5,2014.3699,398.35
677,2014,6,2014.4548,398.51
678,2014,7,2014.537,398.67
679,2014,8,2014.6219,398.83
680,2014,9,2014.7068,399.0
681,2014,10,2014.789,399.17
682,2014,11,2014.874,399.34
683,2014,12,2014.9562,399.52
684,2015,1,2015.0411,399.7
685,2015,2,2015.126,399.89
686,2015,3,2015.2027,400.06
687,2015,4,2015.2877,400.27
688,2015,5,2015.3699,400.48
689,2015,6,2015.4548,400.71
690,2015,7,2015.537,400.96
691,2015,8,2015.6219,401.23
692,2015,9,2015.7068,401.53
693,2015,10,2015.789,401.83
694,2015,11,2015.874,402.16
695,2015,12,2015.9562,402.47
696,2016,1,2016.041,402.78
697,2016,2,2016.1257,403.09
698,2016,3,2016.2049,403.37
699,2016,4,2016.2896,403.64
700,2016,5,2016.3716,403.89
701,2016,6,2016.4563,404.14
702,2016,7,2016.5383,404.37
703,2016,8,2016.623,404.6
704,2016,9,2016.7077,404.85
705,2016,10,2016.7896,405.09
706,2016,11,2016.8743,405.34
707,2016,12,2016.9563,405.58
708,2017,1,2017.0411,405.83
